Max, 21/03/2023 17:33:14, 3,37,21,49,5,24,25,46  Bonus: 46
Max, 21/03/2023 17:33:17, 13,7,28,15,42,29,23,35  Bonus: 35
Max, 21/03/2023 17:33:18, 44,7,47,2,37,45,49,11  Bonus: 11
649, 21/03/2023 17:36:08, 22,44,12,30,46,27,25  Bonus: 25
649, 21/03/2023 17:36:09, 35,34,39,8,24,7,48  Bonus: 48
Max, 21/03/2023 17:36:23, 5,32,7,41,18,38,14,33  Bonus: 33
Max, 21/03/2023 17:36:23, 48,6,35,47,27,8,28,7  Bonus: 7
....
Max, 21/03/2023 17:37:08, 42,29,41,24,23,28,5,35  Bonus: 35
Max, 21/03/2023 17:47:14, 11,31,41,6,26,9,38,17  Bonus: 17
Max, 21/03/2023 17:47:18, 43,42,8,32,49,37,38,4  Bonus: 4
649, 21/03/2023 17:51:17, 6,11,20,25,28,43,33  Bonus: 33
Max, 23/03/2023 13:16:01, 24,3,21,25,4,10,33,49  Bonus: 49
Max, 27/03/2023 13:43:24, 32,25,1,6,34,48,43,13  Bonus: 13
Max, 28/03/2023 15:25:46, 43,48,37,25,45,15,3,33  Bonus: 33
Max, 30/03/2023 13:52:59, 2,39,3,43,21,8,40,31  Bonus: 31
Max, 16/04/2023 14:44:50, 14,35,10,8,1,27,38,7  Bonus: 7
Max, 16/04/2023 14:44:53, 10,29,20,33,27,25,19,3  Bonus: 3
649, 16/04/2023 14:44:58, 14,39,17,3,12,33,7  Bonus: 7
649, 16/04/2023 14:44:59, 48,38,28,49,5,4,26  Bonus: 26
649, 5/07/2023 17:55:36, 29,19,45,4,7,33,38  Bonus: 38
649, 5/07/2023 17:55:39, 38,33,48,17,45,8,39  Bonus: 39
